192

Glaucus 49, 4. 10

Glico 73, 7

Gnosius 101, 1ο

Goliae qen. 157,5

Gorgias 114, 8

Gorgo (Gorgona) 32 sq. 37, 25
59,6 60, 11.11. 16

Gorgoneus adi. 8,6 12,19

Grece adv. 18,9 19, 10.18 20,3
21,9.17 22,1.10.14.15 23,4.16.
20 26,3 27,18 28,15 30, 2. 12
31,2 32, 11 33,4 34, 19 38,11
39, 15. 21. 21 41, 11. 14. 16. 19
42, 10 43, 3 46, 23 48, 3. 9. 14
49, 2. 8. 11. 14 50, 23 51,19 55,
7.11. 20 59, 18 63,9 64, 19 65,
9 66,15 69,8 70, 6 72, 3. 6
73, 2 76, 19. 22 78, 21 79, 19
80, 6 91, 12. 15 92, 15 93, 12.
23. 23. 24 95, 6 96, 4. 20 98,
18. 20 99, 9. 15 101, 7. 10, 20
102, 10 104, 19 105, 13 106, 15
182, 2.11 183, 7.10 184, 2. 6

Grecia 11, 16 30, 22 31, 5 32, 20
34, 5 44, 6 56, 14 64, 2. 13
181, 20. 21 183, 26. 27 184, 16

Grecus 9,5 55,19 100,7 115,16
116, 15 130, 25 131, 9. 10. 13
132, 6.11. 12 181, 6.19 183, 22
184, 7 185,4

Hebraicus 147, 10. 17 148, 2 -

150, 19
(H)ebreus 131,6. 13 147, 23 149,
6 160, 14. 20. 26 161,21 162, 23
163, 2. 4 177, 18
(H)ecate 22, 14
Helena 54, 25
Heli 153, 21
(H)elicon 10,6 12,13
(He)liconiades 8, 23 85,5
(H)era 18,19
(H)eraclea 119,16
(H)eracleopolites 111, 15
(H)eracles 41,1o

IN DE¹X NOMINUM

(H)ercules 34,8.15 35, 3.7 4lsqq.¹
97, 12 105, 2 119, 5 ³

Herculeus 4l,4 129, 1⁵ ἓ,

(H)ermagoras 112, 9 ξ

(H)ermes 30 ;

(H)ero 11,7.9 63

(H)erodes 170, 14, 174, 16

(H)eroidae 3, 21

(H)esper 97, 13

(fflesperides 84, 20 97, 1213

Hester 163, 3

Hierusalem 163, 26 164, 7

Hilas 84,6

Hippocrene 7, 5

Hippolitus 62, 6

(H)olofernes 161, 22 162, 6

(H)oloferneus 162, 11

Hyrcania 166, 7

Iacob 146, 10. 12

Iacobus 174, 4

Ianuarius 45, 3

Ianus 176, 16

lb(Ip-)siphile 181,23 184, 23. 24

Iesus 150, 11

Iezabel (Gez-) 159, 23 160, 16

Ilias 22,3

Indi 53, 9

India 52, 20 72, 18

Indicus 165, 27 166, 3 176, 17

1110 52, 22 53, 2

Iob 142,·13 146,12

Iocasta 181, 13 182,15.17.19.26

Iopas 93, 12

Iris 39,4

Isis 31, 22. 24 184, 23. 24

Israel 154, 9

Isra(h)eliticus 147, 5. 2ο 148, 19
155, 10 164, 6 165, 1 ·177, 15

Iudaicus 149,1ο 163,16. 24 169,
11 172,6 177, 14 178,8

Iudas 175, 13

Iudea 154, 28 172,12 178,2

Iudeus 171,16 172,14 174, 6.
16. 21 175, 3 179, 4. 6

Iulianus 179, 3

